117 347
0 1
0 2
0 24
0 40
0 46
0 49
0 51
0 52
0 67
0 69
0 74
0 93
0 95
0 111
0 114
1 49
1 51
1 52
2 24
2 40
2 46
2 52
2 67
2 69
2 74
2 93
2 95
2 111
2 114
3 46
3 52
3 54
3 57
3 67
3 69
4 78
4 92
6 46
6 69
7 42
12 15
12 24
12 44
12 98
12 101
13 65
13 67
14 15
14 24
14 39
14 43
14 46
14 52
14 66
14 69
14 75
14 86
14 93
14 103
14 113
14 116
15 24
15 38
15 39
15 43
15 44
15 46
15 52
15 59
15 66
15 67
15 69
15 75
15 86
15 93
15 98
15 101
15 103
15 113
15 116
16 46
16 97
17 105
17 113
18 88
20 58
20 76
20 109
21 23
21 24
21 43
21 57
21 69
21 82
21 83
21 84
21 93
23 24
23 43
23 57
23 69
23 82
23 83
23 84
23 93
24 39
24 40
24 43
24 44
24 46
24 52
24 57
24 61
24 63
24 64
24 66
24 67
24 69
24 71
24 74
24 75
24 82
24 83
24 84
24 85
24 86
24 93
24 95
24 98
24 101
24 102
24 103
24 111
24 113
24 114
24 116
25 26
27 39
28 52
28 60
28 67
29 32
29 35
29 63
29 107
30 68
30 89
32 35
32 63
32 107
33 34
33 73
34 43
34 73
34 74
34 93
34 100
34 104
35 63
35 107
38 46
38 66
38 93
39 43
39 46
39 52
39 66
39 69
39 75
39 86
39 93
39 103
39 113
39 116
40 46
40 52
40 67
40 69
40 74
40 93
40 95
40 111
40 114
43 46
43 52
43 57
43 61
43 66
43 69
43 75
43 82
43 83
43 84
43 86
43 93
43 102
43 103
43 113
43 116
44 98
44 101
46 52
46 54
46 57
46 59
46 60
46 61
46 66
46 67
46 68
46 69
46 70
46 74
46 75
46 86
46 93
46 95
46 97
46 102
46 103
46 110
46 111
46 112
46 113
46 114
46 116
47 48
47 53
47 108
48 53
48 108
49 51
51 56
51 90
51 91
52 54
52 57
52 60
52 66
52 67
52 69
52 74
52 75
52 86
52 93
52 95
52 103
52 111
52 113
52 114
52 116
53 108
54 57
54 67
54 69
57 59
57 67
57 69
57 82
57 83
57 84
57 93
57 112
58 76
59 112
60 67
61 102
63 85
63 93
63 107
66 69
66 75
66 86
66 93
66 103
66 113
66 116
67 69
67 74
67 77
67 79
67 93
67 95
67 111
67 114
68 89
69 74
69 75
69 77
69 79
69 82
69 83
69 84
69 86
69 93
69 95
69 99
69 103
69 110
69 111
69 112
69 113
69 114
69 116
74 93
74 95
74 100
74 104
74 111
74 114
75 86
75 93
75 103
75 113
75 116
77 79
78 92
82 83
82 84
82 93
83 84
83 93
84 93
85 93
86 93
86 103
86 113
86 116
90 91
93 95
93 100
93 103
93 104
93 111
93 113
93 114
93 116
95 111
95 114
98 101
100 104
103 113
103 116
105 113
106 111
111 114
113 116