8 1 1
24 1 1
35 1 1
42 1 1
46 1 1
60 1 1
74 1 1
81 1 1
95 1 1
98 1 1
99 1 1
100 1 1
101 1 1
103 1 1
104 1 1
108 1 1
131 1 1
132 1 1
154 1 1
159 1 1
168 1 1
171 1 1
14 2 1
54 2 1
150 2 1
153 3 1
167 3 1
13 4 1
26 4 1
102 4 1
138 4 1
147 4 1
153 4 1
169 4 1
172 4 1
189 4 1
13 5 1
19 5 1
21 5 1
26 5 1
28 5 1
29 5 1
53 5 1
54 5 1
57 5 1
73 5 1
75 5 1
76 5 1
77 5 1
79 5 1
85 5 1
86 5 1
96 5 1
102 5 1
124 5 1
126 5 1
128 5 1
136 5 1
144 5 1
147 5 1
149 5 1
153 5 1
155 5 1
156 5 1
163 5 1
169 5 1
172 5 1
176 5 1
189 5 1
191 5 1
194 5 1
196 5 1
197 5 1
152 6 1
10 7 1
11 7 1
14 7 1
36 7 1
49 7 1
53 7 1
55 7 1
56 7 1
57 7 1
60 7 1
61 7 1
67 7 1
69 7 1
70 7 1
71 7 1
72 7 1
74 7 1
81 7 1
83 7 1
93 7 1
95 7 1
103 7 1
111 7 1
113 7 1
114 7 1
122 7 1
125 7 1
127 7 1
129 7 1
130 7 1
132 7 1
136 7 1
141 7 1
146 7 1
150 7 1
151 7 1
161 7 1
164 7 1
168 7 1
170 7 1
177 7 1
178 7 1
185 7 1
190 7 1
192 7 1
194 7 1
195 7 1
196 7 1
197 7 1
1 8 1
35 8 1
46 8 1
60 8 1
95 8 1
98 8 1
99 8 1
100 8 1
101 8 1
110 8 1
118 8 1
121 8 1
132 8 1
136 8 1
142 8 1
154 8 1
168 8 1
171 8 1
174 8 1
11 9 1
23 9 1
32 9 1
38 9 1
71 9 1
111 9 1
117 9 1
118 9 1
121 9 1
135 9 1
137 9 1
139 9 1
168 9 1
189 9 1
7 10 1
11 10 1
14 10 1
53 10 1
57 10 1
60 10 1
61 10 1
69 10 1
70 10 1
71 10 1
74 10 1
87 10 1
103 10 1
112 10 1
113 10 1
127 10 1
130 10 1
141 10 1
151 10 1
161 10 1
164 10 1
192 10 1
195 10 1
196 10 1
7 11 1
9 11 1
10 11 1
32 11 1
38 11 1
49 11 1
53 11 1
57 11 1
71 11 1
112 11 1
113 11 1
114 11 1
135 11 1
139 11 1
158 11 1
161 11 1
162 11 1
164 11 1
179 11 1
189 11 1
196 11 1
18 12 1
19 12 1
31 12 1
49 12 1
53 12 1
54 12 1
55 12 1
56 12 1
57 12 1
60 12 1
61 12 1
71 12 1
73 12 1
83 12 1
129 12 1
170 12 1
196 12 1
4 13 1
5 13 1
25 13 1
26 13 1
28 13 1
73 13 1
85 13 1
86 13 1
92 13 1
102 13 1
128 13 1
140 13 1
149 13 1
155 13 1
156 13 1
167 13 1
169 13 1
172 13 1
173 13 1
176 13 1
189 13 1
2 14 1
7 14 1
10 14 1
54 14 1
60 14 1
61 14 1
69 14 1
70 14 1
87 14 1
96 14 1
114 14 1
127 14 1
130 14 1
141 14 1
150 14 1
151 14 1
158 14 1
161 14 1
164 14 1
185 14 1
186 14 1
194 14 1
195 14 1
16 15 1
24 15 1
48 15 1
81 15 1
91 15 1
104 15 1
107 15 1
15 16 1
24 16 1
78 16 1
81 16 1
91 16 1
104 16 1
105 16 1
107 16 1
62 17 1
136 17 1
12 18 1
29 18 1
31 18 1
53 18 1
54 18 1
55 18 1
56 18 1
57 18 1
60 18 1
61 18 1
73 18 1
77 18 1
86 18 1
88 18 1
90 18 1
96 18 1
114 18 1
128 18 1
129 18 1
132 18 1
140 18 1
147 18 1
149 18 1
158 18 1
167 18 1
172 18 1
183 18 1
184 18 1
194 18 1
196 18 1
197 18 1
5 19 1
12 19 1
20 19 1
53 19 1
55 19 1
57 19 1
60 19 1
61 19 1
70 19 1
130 19 1
136 19 1
185 19 1
192 19 1
194 19 1
197 19 1
19 20 1
60 20 1
70 20 1
78 20 1
80 20 1
137 20 1
168 20 1
5 21 1
43 22 1
81 22 1
83 22 1
98 22 1
99 22 1
100 22 1
101 22 1
105 22 1
108 22 1
131 22 1
132 22 1
136 22 1
164 22 1
170 22 1
174 22 1
178 22 1
182 22 1
194 22 1
9 23 1
32 23 1
60 23 1
80 23 1
111 23 1
135 23 1
139 23 1
162 23 1
168 23 1
179 23 1
189 23 1
1 24 1
15 24 1
16 24 1
35 24 1
42 24 1
46 24 1
48 24 1
60 24 1
78 24 1
80 24 1
81 24 1
91 24 1
99 24 1
100 24 1
103 24 1
104 24 1
107 24 1
108 24 1
132 24 1
154 24 1
168 24 1
13 25 1
92 25 1
117 25 1
148 25 1
149 25 1
153 25 1
4 26 1
5 26 1
13 26 1
28 26 1
73 26 1
86 26 1
90 26 1
96 26 1
128 26 1
138 26 1
140 26 1
147 26 1
149 26 1
153 26 1
156 26 1
167 26 1
169 26 1
172 26 1
176 26 1
178 26 1
189 26 1
191 26 1
198 26 1
29 27 1
76 27 1
126 27 1
128 27 1
144 27 1
147 27 1
149 27 1
153 27 1
167 27 1
172 27 1
5 28 1
13 28 1
26 28 1
29 28 1
73 28 1
77 28 1
85 28 1
86 28 1
90 28 1
96 28 1
102 28 1
128 28 1
138 28 1
140 28 1
147 28 1
149 28 1
153 28 1
155 28 1
156 28 1
172 28 1
173 28 1
176 28 1
184 28 1
189 28 1
191 28 1
198 28 1
5 29 1
18 29 1
27 29 1
28 29 1
73 29 1
76 29 1
77 29 1
86 29 1
88 29 1
90 29 1
97 29 1
124 29 1
126 29 1
128 29 1
136 29 1
140 29 1
144 29 1
147 29 1
149 29 1
153 29 1
167 29 1
169 29 1
172 29 1
184 29 1
191 29 1
198 29 1
12 31 1
18 31 1
32 31 1
53 31 1
54 31 1
55 31 1
56 31 1
57 31 1
61 31 1
106 31 1
111 31 1
129 31 1
170 31 1
194 31 1
196 31 1
197 31 1
9 32 1
11 32 1
23 32 1
31 32 1
33 32 1
35 32 1
38 32 1
40 32 1
44 32 1
58 32 1
60 32 1
61 32 1
62 32 1
64 32 1
65 32 1
66 32 1
80 32 1
91 32 1
98 32 1
99 32 1
100 32 1
101 32 1
105 32 1
106 32 1
107 32 1
110 32 1
111 32 1
122 32 1
123 32 1
131 32 1
135 32 1
139 32 1
154 32 1
162 32 1
179 32 1
189 32 1
32 33 1
38 33 1
44 33 1
58 33 1
60 33 1
62 33 1
63 33 1
64 33 1
65 33 1
66 33 1
91 33 1
98 33 1
99 33 1
100 33 1
101 33 1
105 33 1
106 33 1
107 33 1
108 33 1
109 33 1
110 33 1
116 33 1
119 33 1
122 33 1
123 33 1
131 33 1
132 33 1
134 33 1
135 33 1
168 33 1
179 33 1
70 34 1
192 34 1
1 35 1
8 35 1
24 35 1
32 35 1
40 35 1
44 35 1
46 35 1
60 35 1
62 35 1
63 35 1
64 35 1
65 35 1
66 35 1
68 35 1
74 35 1
78 35 1
95 35 1
98 35 1
99 35 1
100 35 1
101 35 1
103 35 1
104 35 1
105 35 1
106 35 1
108 35 1
109 35 1
122 35 1
123 35 1
131 35 1
132 35 1
135 35 1
166 35 1
168 35 1
170 35 1
171 35 1
179 35 1
187 35 1
7 36 1
55 36 1
56 36 1
60 36 1
67 36 1
72 36 1
81 36 1
83 36 1
87 36 1
129 36 1
150 36 1
158 36 1
161 36 1
170 36 1
174 36 1
178 36 1
192 36 1
194 36 1
195 36 1
196 36 1
90 37 1
133 37 1
153 37 1
155 37 1
180 37 1
9 38 1
11 38 1
32 38 1
33 38 1
40 38 1
44 38 1
63 38 1
80 38 1
91 38 1
105 38 1
116 38 1
119 38 1
134 38 1
135 38 1
139 38 1
162 38 1
179 38 1
189 38 1
51 39 1
80 39 1
116 39 1
149 39 1
153 39 1
181 39 1
32 40 1
35 40 1
38 40 1
44 40 1
58 40 1
60 40 1
62 40 1
63 40 1
64 40 1
65 40 1
66 40 1
98 40 1
99 40 1
100 40 1
101 40 1
105 40 1
106 40 1
107 40 1
108 40 1
109 40 1
110 40 1
116 40 1
123 40 1
132 40 1
135 40 1
154 40 1
168 40 1
45 41 1
77 41 1
86 41 1
88 41 1
96 41 1
97 41 1
136 41 1
1 42 1
24 42 1
46 42 1
81 42 1
104 42 1
106 42 1
123 42 1
136 42 1
159 42 1
182 42 1
22 43 1
78 43 1
81 43 1
82 43 1
83 43 1
98 43 1
100 43 1
101 43 1
105 43 1
108 43 1
118 43 1
121 43 1
122 43 1
131 43 1
132 43 1
136 43 1
143 43 1
162 43 1
164 43 1
174 43 1
182 43 1
194 43 1
32 44 1
33 44 1
35 44 1
38 44 1
40 44 1
50 44 1
60 44 1
62 44 1
63 44 1
64 44 1
65 44 1
68 44 1
91 44 1
98 44 1
99 44 1
100 44 1
101 44 1
106 44 1
107 44 1
108 44 1
109 44 1
122 44 1
123 44 1
132 44 1
135 44 1
139 44 1
154 44 1
166 44 1
168 44 1
171 44 1
179 44 1
187 44 1
41 45 1
86 45 1
88 45 1
96 45 1
97 45 1
136 45 1
1 46 1
8 46 1
24 46 1
35 46 1
42 46 1
50 46 1
60 46 1
81 46 1
95 46 1
98 46 1
100 46 1
101 46 1
123 46 1
131 46 1
132 46 1
154 46 1
159 46 1
168 46 1
171 46 1
183 46 1
180 47 1
15 48 1
24 48 1
81 48 1
91 48 1
104 48 1
105 48 1
107 48 1
7 49 1
11 49 1
12 49 1
52 49 1
53 49 1
57 49 1
60 49 1
67 49 1
70 49 1
79 49 1
83 49 1
112 49 1
113 49 1
118 49 1
121 49 1
125 49 1
127 49 1
130 49 1
136 49 1
142 49 1
143 49 1
150 49 1
162 49 1
164 49 1
178 49 1
185 49 1
192 49 1
194 49 1
195 49 1
196 49 1
44 50 1
46 50 1
53 50 1
56 50 1
64 50 1
68 50 1
81 50 1
88 50 1
106 50 1
110 50 1
111 50 1
114 50 1
123 50 1
131 50 1
132 50 1
139 50 1
158 50 1
166 50 1
179 50 1
183 50 1
196 50 1
39 51 1
75 51 1
76 51 1
79 51 1
96 51 1
126 51 1
128 51 1
136 51 1
144 51 1
147 51 1
149 51 1
153 51 1
167 51 1
172 51 1
174 51 1
49 52 1
60 52 1
83 52 1
88 52 1
5 53 1
7 53 1
10 53 1
11 53 1
12 53 1
18 53 1
19 53 1
31 53 1
49 53 1
50 53 1
54 53 1
55 53 1
56 53 1
57 53 1
60 53 1
61 53 1
67 53 1
71 53 1
81 53 1
83 53 1
88 53 1
112 53 1
113 53 1
114 53 1
129 53 1
131 53 1
132 53 1
149 53 1
150 53 1
158 53 1
161 53 1
164 53 1
170 53 1
178 53 1
183 53 1
194 53 1
195 53 1
196 53 1
197 53 1
2 54 1
5 54 1
12 54 1
14 54 1
18 54 1
31 54 1
53 54 1
56 54 1
57 54 1
60 54 1
61 54 1
67 54 1
69 54 1
70 54 1
83 54 1
87 54 1
94 54 1
111 54 1
125 54 1
129 54 1
146 54 1
149 54 1
150 54 1
161 54 1
168 54 1
170 54 1
174 54 1
177 54 1
178 54 1
190 54 1
192 54 1
193 54 1
194 54 1
196 54 1
197 54 1
7 55 1
12 55 1
18 55 1
19 55 1
31 55 1
36 55 1
53 55 1
56 55 1
57 55 1
60 55 1
61 55 1
81 55 1
83 55 1
129 55 1
150 55 1
164 55 1
170 55 1
178 55 1
194 55 1
195 55 1
196 55 1
197 55 1
7 56 1
12 56 1
18 56 1
31 56 1
36 56 1
50 56 1
53 56 1
54 56 1
55 56 1
57 56 1
60 56 1
61 56 1
67 56 1
81 56 1
83 56 1
88 56 1
111 56 1
129 56 1
131 56 1
132 56 1
150 56 1
158 56 1
164 56 1
170 56 1
178 56 1
183 56 1
194 56 1
195 56 1
196 56 1
5 57 1
7 57 1
10 57 1
11 57 1
12 57 1
18 57 1
19 57 1
31 57 1
49 57 1
53 57 1
54 57 1
55 57 1
56 57 1
60 57 1
61 57 1
70 57 1
71 57 1
83 57 1
111 57 1
112 57 1
113 57 1
114 57 1
121 57 1
129 57 1
130 57 1
136 57 1
142 57 1
158 57 1
161 57 1
185 57 1
192 57 1
194 57 1
195 57 1
196 57 1
197 57 1
32 58 1
33 58 1
40 58 1
62 58 1
63 58 1
65 58 1
66 58 1
98 58 1
99 58 1
101 58 1
106 58 1
107 58 1
108 58 1
109 58 1
110 58 1
122 58 1
132 58 1
135 58 1
154 58 1
162 58 1
179 58 1
187 58 1
188 58 1
82 59 1
99 59 1
100 59 1
118 59 1
122 59 1
136 59 1
143 59 1
158 59 1
162 59 1
174 59 1
1 60 1
7 60 1
8 60 1
10 60 1
12 60 1
14 60 1
18 60 1
19 60 1
20 60 1
23 60 1
24 60 1
32 60 1
33 60 1
35 60 1
36 60 1
40 60 1
44 60 1
46 60 1
49 60 1
52 60 1
53 60 1
54 60 1
55 60 1
56 60 1
57 60 1
61 60 1
62 60 1
63 60 1
64 60 1
65 60 1
66 60 1
68 60 1
69 60 1
70 60 1
72 60 1
80 60 1
81 60 1
88 60 1
89 60 1
91 60 1
94 60 1
98 60 1
99 60 1
106 60 1
107 60 1
108 60 1
109 60 1
110 60 1
111 60 1
112 60 1
114 60 1
121 60 1
122 60 1
123 60 1
125 60 1
127 60 1
129 60 1
130 60 1
131 60 1
132 60 1
135 60 1
136 60 1
141 60 1
142 60 1
146 60 1
150 60 1
151 60 1
154 60 1
158 60 1
164 60 1
166 60 1
168 60 1
174 60 1
179 60 1
187 60 1
190 60 1
193 60 1
194 60 1
195 60 1
197 60 1
7 61 1
10 61 1
12 61 1
14 61 1
18 61 1
19 61 1
31 61 1
32 61 1
53 61 1
54 61 1
55 61 1
56 61 1
57 61 1
60 61 1
70 61 1
111 61 1
112 61 1
114 61 1
123 61 1
127 61 1
129 61 1
130 61 1
141 61 1
151 61 1
158 61 1
177 61 1
192 61 1
194 61 1
196 61 1
197 61 1
17 62 1
32 62 1
33 62 1
35 62 1
40 62 1
44 62 1
58 62 1
60 62 1
63 62 1
64 62 1
65 62 1
66 62 1
98 62 1
99 62 1
100 62 1
101 62 1
105 62 1
106 62 1
107 62 1
109 62 1
123 62 1
131 62 1
132 62 1
154 62 1
168 62 1
179 62 1
33 63 1
35 63 1
38 63 1
40 63 1
44 63 1
58 63 1
60 63 1
62 63 1
65 63 1
66 63 1
91 63 1
98 63 1
99 63 1
100 63 1
101 63 1
106 63 1
108 63 1
109 63 1
110 63 1
122 63 1
123 63 1
132 63 1
135 63 1
154 63 1
179 63 1
32 64 1
33 64 1
35 64 1
40 64 1
44 64 1
50 64 1
60 64 1
62 64 1
65 64 1
66 64 1
98 64 1
99 64 1
100 64 1
101 64 1
105 64 1
106 64 1
107 64 1
108 64 1
109 64 1
110 64 1
122 64 1
123 64 1
131 64 1
132 64 1
135 64 1
139 64 1
154 64 1
170 64 1
179 64 1
32 65 1
33 65 1
35 65 1
40 65 1
44 65 1
58 65 1
60 65 1
62 65 1
63 65 1
64 65 1
98 65 1
99 65 1
100 65 1
101 65 1
105 65 1
106 65 1
107 65 1
108 65 1
109 65 1
122 65 1
123 65 1
131 65 1
132 65 1
135 65 1
139 65 1
170 65 1
179 65 1
32 66 1
33 66 1
35 66 1
40 66 1
58 66 1
60 66 1
62 66 1
63 66 1
64 66 1
99 66 1
101 66 1
107 66 1
110 66 1
122 66 1
123 66 1
132 66 1
135 66 1
136 66 1
139 66 1
154 66 1
168 66 1
170 66 1
179 66 1
182 66 1
7 67 1
36 67 1
49 67 1
53 67 1
54 67 1
56 67 1
70 67 1
81 67 1
83 67 1
84 67 1
87 67 1
103 67 1
127 67 1
134 67 1
136 67 1
149 67 1
150 67 1
158 67 1
159 67 1
164 67 1
170 67 1
174 67 1
178 67 1
192 67 1
194 67 1
195 67 1
196 67 1
35 68 1
44 68 1
50 68 1
60 68 1
99 68 1
101 68 1
132 68 1
135 68 1
154 68 1
168 68 1
171 68 1
187 68 1
7 69 1
10 69 1
14 69 1
54 69 1
60 69 1
73 69 1
86 69 1
87 69 1
90 69 1
93 69 1
94 69 1
96 69 1
99 69 1
108 69 1
109 69 1
110 69 1
111 69 1
112 69 1
114 69 1
118 69 1
122 69 1
125 69 1
127 69 1
130 69 1
132 69 1
136 69 1
142 69 1
143 69 1
150 69 1
151 69 1
158 69 1
161 69 1
168 69 1
171 69 1
174 69 1
175 69 1
177 69 1
183 69 1
186 69 1
190 69 1
192 69 1
193 69 1
195 69 1
7 70 1
10 70 1
14 70 1
19 70 1
20 70 1
34 70 1
49 70 1
54 70 1
57 70 1
60 70 1
61 70 1
67 70 1
73 70 1
86 70 1
87 70 1
88 70 1
93 70 1
94 70 1
95 70 1
96 70 1
99 70 1
108 70 1
110 70 1
111 70 1
114 70 1
118 70 1
121 70 1
122 70 1
125 70 1
127 70 1
132 70 1
136 70 1
141 70 1
142 70 1
143 70 1
146 70 1
150 70 1
151 70 1
158 70 1
161 70 1
167 70 1
168 70 1
170 70 1
171 70 1
174 70 1
175 70 1
178 70 1
183 70 1
185 70 1
186 70 1
190 70 1
192 70 1
193 70 1
195 70 1
7 71 1
9 71 1
10 71 1
11 71 1
12 71 1
53 71 1
57 71 1
72 71 1
74 71 1
103 71 1
111 71 1
112 71 1
113 71 1
114 71 1
116 71 1
117 71 1
118 71 1
122 71 1
137 71 1
150 71 1
153 71 1
158 71 1
161 71 1
168 71 1
195 71 1
196 71 1
7 72 1
36 72 1
60 72 1
71 72 1
74 72 1
103 72 1
150 72 1
161 72 1
164 72 1
5 73 1
12 73 1
13 73 1
18 73 1
26 73 1
28 73 1
29 73 1
69 73 1
70 73 1
77 73 1
85 73 1
88 73 1
90 73 1
96 73 1
99 73 1
110 73 1
128 73 1
136 73 1
140 73 1
143 73 1
147 73 1
149 73 1
155 73 1
156 73 1
167 73 1
172 73 1
174 73 1
184 73 1
189 73 1
191 73 1
1 74 1
7 74 1
10 74 1
35 74 1
71 74 1
72 74 1
78 74 1
87 74 1
104 74 1
108 74 1
112 74 1
114 74 1
154 74 1
161 74 1
164 74 1
168 74 1
171 74 1
5 75 1
51 75 1
76 75 1
79 75 1
86 75 1
96 75 1
126 75 1
128 75 1
144 75 1
147 75 1
163 75 1
167 75 1
172 75 1
198 75 1
5 76 1
27 76 1
29 76 1
51 76 1
75 76 1
79 76 1
96 76 1
126 76 1
144 76 1
147 76 1
149 76 1
153 76 1
5 77 1
18 77 1
28 77 1
29 77 1
41 77 1
73 77 1
85 77 1
86 77 1
88 77 1
90 77 1
96 77 1
97 77 1
124 77 1
128 77 1
136 77 1
138 77 1
140 77 1
149 77 1
167 77 1
169 77 1
172 77 1
173 77 1
184 77 1
191 77 1
16 78 1
20 78 1
24 78 1
35 78 1
43 78 1
74 78 1
80 78 1
95 78 1
99 78 1
100 78 1
103 78 1
104 78 1
108 78 1
137 78 1
154 78 1
158 78 1
168 78 1
171 78 1
174 78 1
182 78 1
188 78 1
5 79 1
49 79 1
51 79 1
75 79 1
76 79 1
86 79 1
96 79 1
118 79 1
126 79 1
128 79 1
136 79 1
142 79 1
144 79 1
147 79 1
149 79 1
163 79 1
172 79 1
174 79 1
20 80 1
23 80 1
24 80 1
32 80 1
38 80 1
39 80 1
60 80 1
78 80 1
95 80 1
139 80 1
162 80 1
168 80 1
179 80 1
181 80 1
189 80 1
1 81 1
7 81 1
15 81 1
16 81 1
22 81 1
24 81 1
36 81 1
42 81 1
43 81 1
46 81 1
48 81 1
50 81 1
53 81 1
55 81 1
56 81 1
60 81 1
67 81 1
83 81 1
98 81 1
99 81 1
100 81 1
101 81 1
104 81 1
105 81 1
106 81 1
108 81 1
123 81 1
131 81 1
136 81 1
150 81 1
158 81 1
170 81 1
174 81 1
178 81 1
182 81 1
183 81 1
194 81 1
195 81 1
196 81 1
197 81 1
43 82 1
59 82 1
99 82 1
121 82 1
122 82 1
136 82 1
143 82 1
7 83 1
12 83 1
22 83 1
36 83 1
43 83 1
49 83 1
52 83 1
53 83 1
54 83 1
55 83 1
56 83 1
57 83 1
67 83 1
81 83 1
87 83 1
90 83 1
98 83 1
99 83 1
100 83 1
101 83 1
103 83 1
105 83 1
108 83 1
109 83 1
114 83 1
118 83 1
121 83 1
127 83 1
131 83 1
132 83 1
134 83 1
135 83 1
136 83 1
137 83 1
141 83 1
149 83 1
150 83 1
158 83 1
159 83 1
168 83 1
170 83 1
174 83 1
182 83 1
192 83 1
194 83 1
195 83 1
196 83 1
197 83 1
67 84 1
118 84 1
129 84 1
134 84 1
135 84 1
136 84 1
158 84 1
159 84 1
170 84 1
175 84 1
194 84 1
195 84 1
5 85 1
13 85 1
28 85 1
73 85 1
77 85 1
128 85 1
140 85 1
147 85 1
149 85 1
155 85 1
156 85 1
167 85 1
169 85 1
189 85 1
191 85 1
5 86 1
13 86 1
18 86 1
26 86 1
28 86 1
29 86 1
41 86 1
45 86 1
69 86 1
70 86 1
75 86 1
77 86 1
79 86 1
88 86 1
90 86 1
96 86 1
97 86 1
102 86 1
124 86 1
128 86 1
136 86 1
138 86 1
140 86 1
147 86 1
149 86 1
156 86 1
163 86 1
167 86 1
169 86 1
172 86 1
176 86 1
184 86 1
189 86 1
191 86 1
198 86 1
10 87 1
14 87 1
36 87 1
54 87 1
67 87 1
69 87 1
70 87 1
74 87 1
83 87 1
96 87 1
103 87 1
114 87 1
130 87 1
158 87 1
161 87 1
164 87 1
186 87 1
194 87 1
195 87 1
18 88 1
29 88 1
41 88 1
45 88 1
50 88 1
52 88 1
53 88 1
56 88 1
60 88 1
70 88 1
73 88 1
77 88 1
86 88 1
90 88 1
96 88 1
97 88 1
99 88 1
110 88 1
114 88 1
128 88 1
131 88 1
132 88 1
136 88 1
140 88 1
143 88 1
147 88 1
149 88 1
158 88 1
167 88 1
172 88 1
174 88 1
183 88 1
184 88 1
191 88 1
196 88 1
60 89 1
95 89 1
118 89 1
121 89 1
127 89 1
132 89 1
136 89 1
141 89 1
142 89 1
149 89 1
158 89 1
174 89 1
196 89 1
18 90 1
26 90 1
28 90 1
29 90 1
37 90 1
69 90 1
73 90 1
77 90 1
83 90 1
86 90 1
88 90 1
96 90 1
97 90 1
124 90 1
125 90 1
133 90 1
136 90 1
138 90 1
140 90 1
147 90 1
149 90 1
153 90 1
167 90 1
169 90 1
172 90 1
173 90 1
176 90 1
184 90 1
191 90 1
198 90 1
15 91 1
16 91 1
24 91 1
32 91 1
33 91 1
38 91 1
44 91 1
48 91 1
60 91 1
63 91 1
95 91 1
104 91 1
105 91 1
107 91 1
116 91 1
119 91 1
134 91 1
139 91 1
168 91 1
179 91 1
13 92 1
25 92 1
148 92 1
153 92 1
163 92 1
7 93 1
69 93 1
70 93 1
94 93 1
95 93 1
108 93 1
114 93 1
121 93 1
122 93 1
125 93 1
127 93 1
130 93 1
132 93 1
136 93 1
168 93 1
171 93 1
175 93 1
177 93 1
183 93 1
190 93 1
192 93 1
54 94 1
60 94 1
69 94 1
70 94 1
93 94 1
95 94 1
111 94 1
114 94 1
118 94 1
122 94 1
125 94 1
130 94 1
132 94 1
136 94 1
146 94 1
168 94 1
171 94 1
183 94 1
190 94 1
192 94 1
193 94 1
1 95 1
7 95 1
8 95 1
35 95 1
46 95 1
70 95 1
78 95 1
80 95 1
89 95 1
91 95 1
93 95 1
94 95 1
98 95 1
99 95 1
100 95 1
101 95 1
108 95 1
110 95 1
111 95 1
122 95 1
125 95 1
127 95 1
131 95 1
135 95 1
136 95 1
141 95 1
142 95 1
146 95 1
158 95 1
168 95 1
171 95 1
174 95 1
179 95 1
190 95 1
192 95 1
193 95 1
5 96 1
14 96 1
18 96 1
26 96 1
28 96 1
41 96 1
45 96 1
51 96 1
69 96 1
70 96 1
73 96 1
75 96 1
76 96 1
77 96 1
79 96 1
86 96 1
87 96 1
88 96 1
90 96 1
97 96 1
124 96 1
125 96 1
126 96 1
128 96 1
130 96 1
136 96 1
138 96 1
140 96 1
144 96 1
149 96 1
150 96 1
153 96 1
158 96 1
161 96 1
163 96 1
164 96 1
169 96 1
172 96 1
173 96 1
176 96 1
184 96 1
186 96 1
192 96 1
194 96 1
29 97 1
41 97 1
45 97 1
77 97 1
86 97 1
88 97 1
90 97 1
96 97 1
136 97 1
138 97 1
147 97 1
149 97 1
167 97 1
169 97 1
172 97 1
1 98 1
8 98 1
22 98 1
32 98 1
33 98 1
35 98 1
40 98 1
43 98 1
44 98 1
46 98 1
58 98 1
60 98 1
62 98 1
63 98 1
64 98 1
65 98 1
81 98 1
83 98 1
95 98 1
100 98 1
101 98 1
105 98 1
106 98 1
108 98 1
109 98 1
110 98 1
122 98 1
123 98 1
131 98 1
132 98 1
136 98 1
154 98 1
164 98 1
170 98 1
171 98 1
174 98 1
178 98 1
179 98 1
182 98 1
194 98 1
197 98 1
1 99 1
8 99 1
22 99 1
24 99 1
32 99 1
33 99 1
35 99 1
40 99 1
44 99 1
58 99 1
59 99 1
60 99 1
62 99 1
63 99 1
64 99 1
65 99 1
66 99 1
68 99 1
69 99 1
70 99 1
73 99 1
78 99 1
81 99 1
82 99 1
83 99 1
88 99 1
95 99 1
101 99 1
105 99 1
106 99 1
107 99 1
108 99 1
109 99 1
110 99 1
118 99 1
121 99 1
123 99 1
131 99 1
132 99 1
135 99 1
136 99 1
143 99 1
154 99 1
164 99 1
166 99 1
168 99 1
170 99 1
171 99 1
174 99 1
179 99 1
194 99 1
197 99 1
1 100 1
8 100 1
22 100 1
24 100 1
32 100 1
33 100 1
35 100 1
40 100 1
43 100 1
44 100 1
46 100 1
59 100 1
62 100 1
63 100 1
64 100 1
65 100 1
78 100 1
81 100 1
83 100 1
95 100 1
98 100 1
101 100 1
105 100 1
106 100 1
107 100 1
108 100 1
109 100 1
110 100 1
122 100 1
123 100 1
132 100 1
135 100 1
136 100 1
154 100 1
164 100 1
168 100 1
171 100 1
174 100 1
182 100 1
194 100 1
197 100 1
1 101 1
8 101 1
22 101 1
32 101 1
33 101 1
35 101 1
40 101 1
43 101 1
44 101 1
46 101 1
58 101 1
62 101 1
63 101 1
64 101 1
65 101 1
66 101 1
68 101 1
81 101 1
83 101 1
95 101 1
98 101 1
99 101 1
100 101 1
105 101 1
107 101 1
108 101 1
109 101 1
110 101 1
122 101 1
123 101 1
131 101 1
132 101 1
135 101 1
136 101 1
154 101 1
164 101 1
166 101 1
168 101 1
170 101 1
171 101 1
174 101 1
179 101 1
182 101 1
187 101 1
194 101 1
197 101 1
4 102 1
5 102 1
13 102 1
28 102 1
86 102 1
128 102 1
138 102 1
140 102 1
156 102 1
167 102 1
169 102 1
172 102 1
176 102 1
189 102 1
1 103 1
7 103 1
10 103 1
24 103 1
35 103 1
67 103 1
71 103 1
72 103 1
78 103 1
83 103 1
87 103 1
104 103 1
114 103 1
150 103 1
154 103 1
164 103 1
171 103 1
178 103 1
1 104 1
15 104 1
16 104 1
24 104 1
35 104 1
42 104 1
48 104 1
74 104 1
78 104 1
81 104 1
91 104 1
103 104 1
105 104 1
107 104 1
154 104 1
159 104 1
168 104 1
171 104 1
16 105 1
22 105 1
32 105 1
33 105 1
35 105 1
38 105 1
40 105 1
43 105 1
48 105 1
62 105 1
64 105 1
65 105 1
81 105 1
83 105 1
91 105 1
98 105 1
99 105 1
100 105 1
101 105 1
104 105 1
106 105 1
107 105 1
108 105 1
109 105 1
110 105 1
122 105 1
123 105 1
131 105 1
132 105 1
136 105 1
154 105 1
164 105 1
168 105 1
170 105 1
174 105 1
178 105 1
179 105 1
182 105 1
194 105 1
197 105 1
31 106 1
32 106 1
33 106 1
35 106 1
40 106 1
42 106 1
44 106 1
50 106 1
58 106 1
60 106 1
62 106 1
63 106 1
64 106 1
65 106 1
81 106 1
98 106 1
99 106 1
100 106 1
105 106 1
107 106 1
108 106 1
109 106 1
110 106 1
111 106 1
122 106 1
123 106 1
131 106 1
132 106 1
135 106 1
154 106 1
168 106 1
179 106 1
183 106 1
187 106 1
188 106 1
15 107 1
16 107 1
24 107 1
32 107 1
33 107 1
40 107 1
44 107 1
48 107 1
58 107 1
60 107 1
62 107 1
64 107 1
65 107 1
66 107 1
91 107 1
99 107 1
100 107 1
101 107 1
104 107 1
105 107 1
106 107 1
109 107 1
110 107 1
122 107 1
123 107 1
132 107 1
135 107 1
154 107 1
162 107 1
168 107 1
179 107 1
187 107 1
188 107 1
1 108 1
22 108 1
24 108 1
33 108 1
35 108 1
40 108 1
43 108 1
44 108 1
58 108 1
60 108 1
63 108 1
64 108 1
65 108 1
69 108 1
70 108 1
74 108 1
78 108 1
81 108 1
83 108 1
93 108 1
95 108 1
98 108 1
99 108 1
100 108 1
101 108 1
105 108 1
106 108 1
109 108 1
110 108 1
111 108 1
123 108 1
125 108 1
131 108 1
132 108 1
135 108 1
136 108 1
164 108 1
168 108 1
170 108 1
171 108 1
174 108 1
178 108 1
182 108 1
193 108 1
194 108 1
197 108 1
33 109 1
35 109 1
40 109 1
44 109 1
58 109 1
60 109 1
62 109 1
63 109 1
64 109 1
65 109 1
69 109 1
83 109 1
98 109 1
99 109 1
100 109 1
101 109 1
105 109 1
106 109 1
107 109 1
108 109 1
110 109 1
122 109 1
123 109 1
131 109 1
132 109 1
135 109 1
154 109 1
168 109 1
170 109 1
177 109 1
179 109 1
8 110 1
32 110 1
33 110 1
40 110 1
50 110 1
58 110 1
60 110 1
63 110 1
64 110 1
66 110 1
69 110 1
70 110 1
73 110 1
88 110 1
95 110 1
98 110 1
99 110 1
100 110 1
101 110 1
105 110 1
106 110 1
107 110 1
108 110 1
109 110 1
123 110 1
132 110 1
135 110 1
136 110 1
143 110 1
154 110 1
168 110 1
171 110 1
174 110 1
179 110 1
182 110 1
7 111 1
9 111 1
23 111 1
31 111 1
32 111 1
50 111 1
54 111 1
56 111 1
57 111 1
60 111 1
61 111 1
69 111 1
70 111 1
71 111 1
94 111 1
95 111 1
106 111 1
108 111 1
116 111 1
117 111 1
118 111 1
121 111 1
122 111 1
123 111 1
125 111 1
132 111 1
137 111 1
153 111 1
168 111 1
170 111 1
171 111 1
190 111 1
193 111 1
194 111 1
195 111 1
10 112 1
11 112 1
49 112 1
53 112 1
57 112 1
60 112 1
61 112 1
69 112 1
71 112 1
74 112 1
113 112 1
114 112 1
130 112 1
141 112 1
150 112 1
151 112 1
161 112 1
164 112 1
192 112 1
195 112 1
196 112 1
7 113 1
10 113 1
11 113 1
49 113 1
53 113 1
57 113 1
71 113 1
112 113 1
114 113 1
158 113 1
161 113 1
7 114 1
11 114 1
14 114 1
18 114 1
50 114 1
53 114 1
57 114 1
60 114 1
61 114 1
69 114 1
70 114 1
71 114 1
74 114 1
83 114 1
87 114 1
88 114 1
93 114 1
94 114 1
103 114 1
112 114 1
113 114 1
125 114 1
127 114 1
130 114 1
131 114 1
132 114 1
136 114 1
141 114 1
142 114 1
146 114 1
151 114 1
158 114 1
161 114 1
183 114 1
190 114 1
192 114 1
193 114 1
195 114 1
196 114 1
152 115 1
153 115 1
167 115 1
172 115 1
33 116 1
38 116 1
39 116 1
40 116 1
71 116 1
91 116 1
111 116 1
117 116 1
118 116 1
119 116 1
122 116 1
134 116 1
135 116 1
137 116 1
153 116 1
168 116 1
179 116 1
181 116 1
9 117 1
25 117 1
71 117 1
111 117 1
116 117 1
118 117 1
137 117 1
153 117 1
168 117 1
179 117 1
183 117 1
8 118 1
9 118 1
43 118 1
49 118 1
59 118 1
69 118 1
70 118 1
71 118 1
79 118 1
83 118 1
84 118 1
89 118 1
94 118 1
99 118 1
111 118 1
116 118 1
117 118 1
122 118 1
125 118 1
137 118 1
142 118 1
143 118 1
146 118 1
153 118 1
168 118 1
170 118 1
174 118 1
175 118 1
177 118 1
183 118 1
190 118 1
192 118 1
193 118 1
194 118 1
33 119 1
38 119 1
91 119 1
116 119 1
120 119 1
134 119 1
135 119 1
179 119 1
119 120 1
8 121 1
9 121 1
43 121 1
49 121 1
57 121 1
60 121 1
70 121 1
82 121 1
83 121 1
89 121 1
93 121 1
99 121 1
111 121 1
122 121 1
137 121 1
142 121 1
143 121 1
146 121 1
153 121 1
158 121 1
168 121 1
175 121 1
183 121 1
190 121 1
192 121 1
193 121 1
7 122 1
32 122 1
33 122 1
35 122 1
43 122 1
44 122 1
58 122 1
59 122 1
60 122 1
63 122 1
64 122 1
65 122 1
66 122 1
69 122 1
70 122 1
71 122 1
82 122 1
93 122 1
94 122 1
95 122 1
98 122 1
100 122 1
101 122 1
105 122 1
106 122 1
107 122 1
109 122 1
111 122 1
116 122 1
118 122 1
121 122 1
123 122 1
125 122 1
131 122 1
132 122 1
135 122 1
136 122 1
137 122 1
143 122 1
153 122 1
154 122 1
168 122 1
171 122 1
179 122 1
190 122 1
192 122 1
193 122 1
32 123 1
33 123 1
35 123 1
40 123 1
42 123 1
44 123 1
46 123 1
50 123 1
60 123 1
61 123 1
62 123 1
63 123 1
64 123 1
65 123 1
66 123 1
81 123 1
98 123 1
99 123 1
100 123 1
101 123 1
105 123 1
106 123 1
107 123 1
108 123 1
109 123 1
110 123 1
111 123 1
122 123 1
131 123 1
132 123 1
135 123 1
154 123 1
168 123 1
179 123 1
183 123 1
187 123 1
188 123 1
5 124 1
29 124 1
77 124 1
86 124 1
90 124 1
96 124 1
128 124 1
138 124 1
140 124 1
176 124 1
184 124 1
198 124 1
7 125 1
49 125 1
54 125 1
60 125 1
69 125 1
70 125 1
90 125 1
93 125 1
94 125 1
95 125 1
96 125 1
108 125 1
111 125 1
114 125 1
118 125 1
122 125 1
130 125 1
132 125 1
136 125 1
142 125 1
146 125 1
151 125 1
171 125 1
175 125 1
177 125 1
183 125 1
190 125 1
192 125 1
193 125 1
5 126 1
27 126 1
29 126 1
51 126 1
75 126 1
76 126 1
79 126 1
96 126 1
128 126 1
136 126 1
144 126 1
147 126 1
149 126 1
153 126 1
167 126 1
172 126 1
174 126 1
7 127 1
10 127 1
14 127 1
49 127 1
60 127 1
61 127 1
67 127 1
69 127 1
70 127 1
83 127 1
89 127 1
93 127 1
95 127 1
114 127 1
130 127 1
136 127 1
141 127 1
142 127 1
150 127 1
151 127 1
158 127 1
164 127 1
171 127 1
174 127 1
178 127 1
185 127 1
192 127 1
195 127 1
5 128 1
13 128 1
18 128 1
26 128 1
27 128 1
28 128 1
29 128 1
51 128 1
73 128 1
75 128 1
77 128 1
79 128 1
85 128 1
86 128 1
88 128 1
96 128 1
102 128 1
124 128 1
126 128 1
136 128 1
138 128 1
140 128 1
144 128 1
147 128 1
149 128 1
153 128 1
155 128 1
169 128 1
172 128 1
173 128 1
176 128 1
184 128 1
189 128 1
191 128 1
192 128 1
7 129 1
12 129 1
18 129 1
31 129 1
36 129 1
53 129 1
54 129 1
55 129 1
56 129 1
57 129 1
60 129 1
61 129 1
84 129 1
136 129 1
170 129 1
175 129 1
183 129 1
194 129 1
195 129 1
196 129 1
197 129 1
7 130 1
10 130 1
14 130 1
19 130 1
49 130 1
57 130 1
60 130 1
61 130 1
69 130 1
87 130 1
93 130 1
94 130 1
96 130 1
112 130 1
114 130 1
125 130 1
127 130 1
141 130 1
146 130 1
150 130 1
151 130 1
158 130 1
161 130 1
177 130 1
185 130 1
186 130 1
190 130 1
192 130 1
193 130 1
194 130 1
195 130 1
1 131 1
22 131 1
32 131 1
33 131 1
35 131 1
43 131 1
46 131 1
50 131 1
53 131 1
56 131 1
60 131 1
62 131 1
64 131 1
65 131 1
81 131 1
83 131 1
88 131 1
95 131 1
98 131 1
99 131 1
101 131 1
105 131 1
106 131 1
108 131 1
109 131 1
114 131 1
122 131 1
123 131 1
132 131 1
135 131 1
136 131 1
139 131 1
158 131 1
164 131 1
168 131 1
170 131 1
171 131 1
174 131 1
178 131 1
194 131 1
197 131 1
1 132 1
7 132 1
8 132 1
18 132 1
22 132 1
24 132 1
33 132 1
35 132 1
40 132 1
43 132 1
44 132 1
46 132 1
50 132 1
53 132 1
56 132 1
58 132 1
60 132 1
62 132 1
63 132 1
64 132 1
65 132 1
66 132 1
68 132 1
69 132 1
70 132 1
83 132 1
88 132 1
89 132 1
93 132 1
94 132 1
98 132 1
99 132 1
100 132 1
101 132 1
105 132 1
106 132 1
107 132 1
108 132 1
109 132 1
110 132 1
111 132 1
114 132 1
122 132 1
123 132 1
125 132 1
131 132 1
135 132 1
141 132 1
142 132 1
146 132 1
154 132 1
158 132 1
166 132 1
168 132 1
170 132 1
171 132 1
174 132 1
178 132 1
179 132 1
182 132 1
183 132 1
187 132 1
190 132 1
192 132 1
193 132 1
194 132 1
196 132 1
197 132 1
37 133 1
90 133 1
156 133 1
167 133 1
33 134 1
38 134 1
67 134 1
83 134 1
84 134 1
91 134 1
116 134 1
119 134 1
135 134 1
159 134 1
179 134 1
195 134 1
9 135 1
11 135 1
23 135 1
32 135 1
33 135 1
35 135 1
38 135 1
40 135 1
44 135 1
58 135 1
60 135 1
63 135 1
64 135 1
65 135 1
66 135 1
68 135 1
83 135 1
84 135 1
95 135 1
99 135 1
100 135 1
101 135 1
106 135 1
107 135 1
108 135 1
109 135 1
110 135 1
116 135 1
119 135 1
122 135 1
123 135 1
131 135 1
132 135 1
134 135 1
139 135 1
159 135 1
162 135 1
166 135 1
168 135 1
171 135 1
179 135 1
187 135 1
189 135 1
195 135 1
5 136 1
7 136 1
8 136 1
17 136 1
19 136 1
22 136 1
29 136 1
41 136 1
42 136 1
43 136 1
45 136 1
49 136 1
51 136 1
57 136 1
59 136 1
60 136 1
66 136 1
67 136 1
69 136 1
70 136 1
73 136 1
77 136 1
79 136 1
81 136 1
82 136 1
83 136 1
84 136 1
86 136 1
88 136 1
89 136 1
90 136 1
93 136 1
94 136 1
95 136 1
96 136 1
97 136 1
98 136 1
99 136 1
100 136 1
101 136 1
105 136 1
108 136 1
110 136 1
114 136 1
122 136 1
125 136 1
126 136 1
127 136 1
128 136 1
129 136 1
131 136 1
137 136 1
138 136 1
140 136 1
141 136 1
143 136 1
144 136 1
146 136 1
147 136 1
149 136 1
150 136 1
151 136 1
158 136 1
161 136 1
162 136 1
163 136 1
164 136 1
167 136 1
168 136 1
170 136 1
171 136 1
172 136 1
174 136 1
175 136 1
177 136 1
178 136 1
182 136 1
183 136 1
184 136 1
185 136 1
188 136 1
190 136 1
191 136 1
192 136 1
194 136 1
196 136 1
197 136 1
9 137 1
20 137 1
71 137 1
78 137 1
83 137 1
111 137 1
116 137 1
117 137 1
118 137 1
121 137 1
122 137 1
136 137 1
153 137 1
168 137 1
188 137 1
4 138 1
26 138 1
28 138 1
77 138 1
86 138 1
90 138 1
96 138 1
97 138 1
102 138 1
124 138 1
128 138 1
136 138 1
145 138 1
147 138 1
149 138 1
155 138 1
167 138 1
169 138 1
172 138 1
173 138 1
178 138 1
9 139 1
11 139 1
23 139 1
32 139 1
38 139 1
44 139 1
50 139 1
64 139 1
65 139 1
66 139 1
80 139 1
91 139 1
131 139 1
135 139 1
179 139 1
189 139 1
13 140 1
18 140 1
26 140 1
28 140 1
29 140 1
73 140 1
77 140 1
85 140 1
86 140 1
88 140 1
90 140 1
96 140 1
102 140 1
124 140 1
128 140 1
136 140 1
147 140 1
149 140 1
153 140 1
155 140 1
156 140 1
167 140 1
169 140 1
172 140 1
173 140 1
176 140 1
184 140 1
189 140 1
191 140 1
198 140 1
7 141 1
10 141 1
14 141 1
60 141 1
61 141 1
70 141 1
83 141 1
89 141 1
95 141 1
112 141 1
114 141 1
127 141 1
130 141 1
132 141 1
136 141 1
142 141 1
151 141 1
158 141 1
171 141 1
174 141 1
192 141 1
195 141 1
8 142 1
49 142 1
57 142 1
60 142 1
69 142 1
70 142 1
79 142 1
89 142 1
95 142 1
114 142 1
118 142 1
121 142 1
125 142 1
127 142 1
132 142 1
141 142 1
143 142 1
150 142 1
158 142 1
161 142 1
164 142 1
168 142 1
171 142 1
174 142 1
185 142 1
193 142 1
196 142 1
43 143 1
49 143 1
59 143 1
69 143 1
70 143 1
73 143 1
82 143 1
88 143 1
99 143 1
110 143 1
118 143 1
121 143 1
122 143 1
136 143 1
142 143 1
174 143 1
5 144 1
27 144 1
29 144 1
51 144 1
75 144 1
76 144 1
79 144 1
96 144 1
126 144 1
128 144 1
136 144 1
147 144 1
149 144 1
153 144 1
172 144 1
174 144 1
198 144 1
138 145 1
167 145 1
7 146 1
54 146 1
60 146 1
70 146 1
94 146 1
95 146 1
114 146 1
118 146 1
121 146 1
125 146 1
130 146 1
132 146 1
136 146 1
151 146 1
171 146 1
177 146 1
183 146 1
190 146 1
192 146 1
193 146 1
4 147 1
5 147 1
18 147 1
26 147 1
27 147 1
28 147 1
29 147 1
51 147 1
73 147 1
75 147 1
76 147 1
79 147 1
85 147 1
86 147 1
88 147 1
90 147 1
97 147 1
126 147 1
128 147 1
136 147 1
138 147 1
140 147 1
144 147 1
149 147 1
153 147 1
156 147 1
167 147 1
169 147 1
173 147 1
174 147 1
176 147 1
184 147 1
189 147 1
191 147 1
25 148 1
92 148 1
5 149 1
13 149 1
18 149 1
25 149 1
26 149 1
27 149 1
28 149 1
29 149 1
39 149 1
51 149 1
53 149 1
54 149 1
67 149 1
73 149 1
76 149 1
77 149 1
79 149 1
83 149 1
85 149 1
86 149 1
88 149 1
89 149 1
90 149 1
96 149 1
97 149 1
126 149 1
128 149 1
136 149 1
138 149 1
140 149 1
144 149 1
147 149 1
150 149 1
153 149 1
155 149 1
156 149 1
160 149 1
163 149 1
167 149 1
169 149 1
172 149 1
173 149 1
174 149 1
176 149 1
178 149 1
181 149 1
184 149 1
191 149 1
194 149 1
195 149 1
2 150 1
7 150 1
14 150 1
36 150 1
49 150 1
53 150 1
54 150 1
55 150 1
56 150 1
60 150 1
67 150 1
69 150 1
70 150 1
71 150 1
72 150 1
81 150 1
83 150 1
96 150 1
103 150 1
112 150 1
127 150 1
130 150 1
136 150 1
142 150 1
149 150 1
151 150 1
158 150 1
161 150 1
164 150 1
170 150 1
178 150 1
185 150 1
186 150 1
192 150 1
194 150 1
195 150 1
196 150 1
7 151 1
10 151 1
14 151 1
60 151 1
61 151 1
69 151 1
70 151 1
112 151 1
114 151 1
125 151 1
127 151 1
130 151 1
136 151 1
141 151 1
146 151 1
150 151 1
158 151 1
185 151 1
190 151 1
192 151 1
193 151 1
195 151 1
6 152 1
115 152 1
157 152 1
3 153 1
4 153 1
5 153 1
25 153 1
26 153 1
27 153 1
28 153 1
29 153 1
37 153 1
39 153 1
51 153 1
71 153 1
76 153 1
90 153 1
92 153 1
96 153 1
111 153 1
115 153 1
116 153 1
117 153 1
118 153 1
121 153 1
122 153 1
126 153 1
128 153 1
137 153 1
140 153 1
144 153 1
147 153 1
149 153 1
163 153 1
167 153 1
168 153 1
172 153 1
181 153 1
198 153 1
1 154 1
8 154 1
24 154 1
32 154 1
40 154 1
44 154 1
46 154 1
58 154 1
60 154 1
62 154 1
63 154 1
64 154 1
66 154 1
68 154 1
74 154 1
78 154 1
98 154 1
99 154 1
100 154 1
101 154 1
103 154 1
104 154 1
105 154 1
106 154 1
107 154 1
109 154 1
110 154 1
122 154 1
123 154 1
132 154 1
166 154 1
170 154 1
179 154 1
187 154 1
5 155 1
13 155 1
28 155 1
37 155 1
73 155 1
85 155 1
128 155 1
138 155 1
140 155 1
149 155 1
156 155 1
167 155 1
178 155 1
180 155 1
189 155 1
191 155 1
5 156 1
13 156 1
26 156 1
28 156 1
73 156 1
85 156 1
86 156 1
102 156 1
133 156 1
140 156 1
147 156 1
149 156 1
155 156 1
167 156 1
172 156 1
176 156 1
189 156 1
191 156 1
152 157 1
180 157 1
11 158 1
14 158 1
18 158 1
36 158 1
50 158 1
53 158 1
56 158 1
57 158 1
59 158 1
60 158 1
61 158 1
67 158 1
69 158 1
70 158 1
71 158 1
78 158 1
81 158 1
83 158 1
84 158 1
87 158 1
88 158 1
89 158 1
95 158 1
96 158 1
113 158 1
114 158 1
121 158 1
127 158 1
130 158 1
131 158 1
132 158 1
136 158 1
141 158 1
142 158 1
150 158 1
151 158 1
161 158 1
164 158 1
168 158 1
171 158 1
174 158 1
178 158 1
183 158 1
186 158 1
188 158 1
192 158 1
194 158 1
195 158 1
196 158 1
1 159 1
42 159 1
46 159 1
67 159 1
83 159 1
84 159 1
104 159 1
134 159 1
135 159 1
195 159 1
149 160 1
7 161 1
10 161 1
11 161 1
14 161 1
36 161 1
53 161 1
54 161 1
57 161 1
69 161 1
70 161 1
71 161 1
72 161 1
74 161 1
87 161 1
96 161 1
112 161 1
113 161 1
114 161 1
130 161 1
136 161 1
142 161 1
150 161 1
158 161 1
164 161 1
192 161 1
194 161 1
11 162 1
23 162 1
32 162 1
38 162 1
43 162 1
49 162 1
58 162 1
59 162 1
80 162 1
107 162 1
135 162 1
136 162 1
187 162 1
188 162 1
189 162 1
5 163 1
75 163 1
79 163 1
86 163 1
92 163 1
96 163 1
136 163 1
149 163 1
153 163 1
172 163 1
173 163 1
7 164 1
10 164 1
11 164 1
14 164 1
22 164 1
43 164 1
49 164 1
53 164 1
55 164 1
56 164 1
60 164 1
67 164 1
72 164 1
74 164 1
87 164 1
96 164 1
98 164 1
99 164 1
100 164 1
101 164 1
103 164 1
105 164 1
108 164 1
112 164 1
127 164 1
131 164 1
136 164 1
142 164 1
150 164 1
158 164 1
161 164 1
170 164 1
182 164 1
186 164 1
192 164 1
195 164 1
185 165 1
35 166 1
44 166 1
50 166 1
60 166 1
99 166 1
101 166 1
132 166 1
135 166 1
154 166 1
168 166 1
183 166 1
187 166 1
3 167 1
13 167 1
18 167 1
26 167 1
27 167 1
29 167 1
51 167 1
70 167 1
73 167 1
75 167 1
77 167 1
85 167 1
86 167 1
88 167 1
90 167 1
97 167 1
102 167 1
115 167 1
126 167 1
133 167 1
136 167 1
138 167 1
140 167 1
145 167 1
147 167 1
149 167 1
153 167 1
155 167 1
156 167 1
169 167 1
172 167 1
173 167 1
176 167 1
184 167 1
189 167 1
191 167 1
198 167 1
1 168 1
7 168 1
8 168 1
9 168 1
20 168 1
23 168 1
24 168 1
33 168 1
35 168 1
40 168 1
44 168 1
46 168 1
54 168 1
60 168 1
62 168 1
66 168 1
68 168 1
69 168 1
70 168 1
71 168 1
74 168 1
78 168 1
80 168 1
83 168 1
91 168 1
93 168 1
94 168 1
95 168 1
99 168 1
100 168 1
101 168 1
104 168 1
105 168 1
106 168 1
107 168 1
108 168 1
109 168 1
110 168 1
111 168 1
116 168 1
117 168 1
118 168 1
121 168 1
122 168 1
123 168 1
131 168 1
132 168 1
135 168 1
136 168 1
137 168 1
142 168 1
153 168 1
158 168 1
166 168 1
170 168 1
171 168 1
179 168 1
187 168 1
190 168 1
192 168 1
193 168 1
194 168 1
195 168 1
4 169 1
5 169 1
13 169 1
26 169 1
29 169 1
77 169 1
85 169 1
86 169 1
90 169 1
96 169 1
97 169 1
102 169 1
128 169 1
138 169 1
140 169 1
147 169 1
149 169 1
167 169 1
172 169 1
173 169 1
176 169 1
189 169 1
7 170 1
12 170 1
22 170 1
31 170 1
35 170 1
36 170 1
53 170 1
54 170 1
55 170 1
56 170 1
64 170 1
65 170 1
66 170 1
67 170 1
70 170 1
81 170 1
83 170 1
84 170 1
98 170 1
99 170 1
101 170 1
105 170 1
108 170 1
109 170 1
111 170 1
118 170 1
129 170 1
131 170 1
132 170 1
136 170 1
150 170 1
154 170 1
164 170 1
168 170 1
174 170 1
175 170 1
178 170 1
182 170 1
183 170 1
192 170 1
195 170 1
196 170 1
197 170 1
1 171 1
8 171 1
35 171 1
44 171 1
46 171 1
68 171 1
69 171 1
70 171 1
74 171 1
78 171 1
93 171 1
94 171 1
95 171 1
98 171 1
99 171 1
100 171 1
101 171 1
103 171 1
104 171 1
108 171 1
110 171 1
111 171 1
122 171 1
125 171 1
127 171 1
131 171 1
132 171 1
135 171 1
136 171 1
141 171 1
142 171 1
146 171 1
158 171 1
168 171 1
174 171 1
190 171 1
192 171 1
193 171 1
4 172 1
5 172 1
13 172 1
18 172 1
26 172 1
27 172 1
28 172 1
29 172 1
51 172 1
73 172 1
75 172 1
77 172 1
79 172 1
86 172 1
88 172 1
90 172 1
96 172 1
97 172 1
102 172 1
115 172 1
126 172 1
128 172 1
136 172 1
138 172 1
140 172 1
144 172 1
149 172 1
153 172 1
156 172 1
163 172 1
167 172 1
169 172 1
173 172 1
176 172 1
184 172 1
189 172 1
191 172 1
13 173 1
28 173 1
77 173 1
90 173 1
96 173 1
128 173 1
138 173 1
140 173 1
147 173 1
149 173 1
163 173 1
167 173 1
169 173 1
172 173 1
176 173 1
184 173 1
189 173 1
191 173 1
8 174 1
22 174 1
36 174 1
43 174 1
51 174 1
54 174 1
59 174 1
60 174 1
67 174 1
69 174 1
70 174 1
73 174 1
78 174 1
79 174 1
81 174 1
83 174 1
88 174 1
89 174 1
95 174 1
98 174 1
99 174 1
100 174 1
101 174 1
105 174 1
108 174 1
110 174 1
118 174 1
126 174 1
127 174 1
131 174 1
132 174 1
136 174 1
141 174 1
142 174 1
143 174 1
144 174 1
147 174 1
149 174 1
158 174 1
170 174 1
171 174 1
182 174 1
192 174 1
197 174 1
69 175 1
70 175 1
84 175 1
93 175 1
118 175 1
121 175 1
125 175 1
129 175 1
136 175 1
170 175 1
177 175 1
183 175 1
192 175 1
193 175 1
194 175 1
5 176 1
13 176 1
26 176 1
28 176 1
86 176 1
90 176 1
96 176 1
102 176 1
124 176 1
128 176 1
140 176 1
147 176 1
149 176 1
156 176 1
167 176 1
169 176 1
172 176 1
173 176 1
184 176 1
192 176 1
198 176 1
7 177 1
54 177 1
61 177 1
69 177 1
93 177 1
109 177 1
118 177 1
125 177 1
130 177 1
136 177 1
146 177 1
175 177 1
183 177 1
190 177 1
192 177 1
193 177 1
7 178 1
22 178 1
26 178 1
36 178 1
49 178 1
53 178 1
54 178 1
55 178 1
56 178 1
67 178 1
70 178 1
81 178 1
98 178 1
103 178 1
105 178 1
108 178 1
127 178 1
131 178 1
132 178 1
136 178 1
138 178 1
149 178 1
150 178 1
155 178 1
158 178 1
170 178 1
192 178 1
194 178 1
195 178 1
196 178 1
197 178 1
11 179 1
23 179 1
32 179 1
33 179 1
35 179 1
38 179 1
44 179 1
50 179 1
58 179 1
60 179 1
62 179 1
63 179 1
64 179 1
65 179 1
66 179 1
80 179 1
91 179 1
95 179 1
98 179 1
99 179 1
101 179 1
105 179 1
106 179 1
107 179 1
109 179 1
110 179 1
116 179 1
117 179 1
119 179 1
122 179 1
123 179 1
132 179 1
134 179 1
135 179 1
139 179 1
154 179 1
168 179 1
183 179 1
37 180 1
47 180 1
155 180 1
157 180 1
39 181 1
80 181 1
116 181 1
149 181 1
153 181 1
22 182 1
42 182 1
43 182 1
66 182 1
78 182 1
81 182 1
83 182 1
98 182 1
100 182 1
101 182 1
105 182 1
108 182 1
110 182 1
132 182 1
136 182 1
164 182 1
170 182 1
174 182 1
183 182 1
194 182 1
197 182 1
18 183 1
46 183 1
50 183 1
53 183 1
56 183 1
69 183 1
70 183 1
81 183 1
88 183 1
93 183 1
94 183 1
106 183 1
114 183 1
117 183 1
118 183 1
121 183 1
123 183 1
125 183 1
129 183 1
132 183 1
136 183 1
146 183 1
158 183 1
166 183 1
170 183 1
175 183 1
177 183 1
179 183 1
182 183 1
190 183 1
192 183 1
193 183 1
196 183 1
18 184 1
28 184 1
29 184 1
73 184 1
77 184 1
86 184 1
88 184 1
90 184 1
96 184 1
124 184 1
128 184 1
136 184 1
140 184 1
147 184 1
149 184 1
167 184 1
172 184 1
173 184 1
176 184 1
191 184 1
198 184 1
7 185 1
14 185 1
19 185 1
49 185 1
57 185 1
70 185 1
127 185 1
130 185 1
136 185 1
142 185 1
150 185 1
151 185 1
165 185 1
192 185 1
14 186 1
69 186 1
70 186 1
87 186 1
96 186 1
130 186 1
150 186 1
158 186 1
164 186 1
194 186 1
35 187 1
44 187 1
58 187 1
60 187 1
68 187 1
101 187 1
106 187 1
107 187 1
123 187 1
132 187 1
135 187 1
154 187 1
162 187 1
166 187 1
168 187 1
188 187 1
58 188 1
78 188 1
106 188 1
107 188 1
123 188 1
136 188 1
137 188 1
158 188 1
162 188 1
187 188 1
4 189 1
5 189 1
9 189 1
11 189 1
13 189 1
23 189 1
26 189 1
28 189 1
32 189 1
38 189 1
73 189 1
80 189 1
85 189 1
86 189 1
102 189 1
128 189 1
135 189 1
139 189 1
140 189 1
147 189 1
155 189 1
156 189 1
162 189 1
167 189 1
169 189 1
172 189 1
173 189 1
191 189 1
7 190 1
54 190 1
60 190 1
69 190 1
70 190 1
93 190 1
94 190 1
95 190 1
111 190 1
114 190 1
118 190 1
121 190 1
122 190 1
125 190 1
130 190 1
132 190 1
136 190 1
146 190 1
151 190 1
168 190 1
171 190 1
177 190 1
183 190 1
192 190 1
5 191 1
26 191 1
28 191 1
29 191 1
73 191 1
77 191 1
85 191 1
86 191 1
88 191 1
90 191 1
128 191 1
136 191 1
140 191 1
147 191 1
149 191 1
155 191 1
156 191 1
167 191 1
172 191 1
173 191 1
184 191 1
189 191 1
7 192 1
10 192 1
19 192 1
34 192 1
36 192 1
49 192 1
54 192 1
57 192 1
61 192 1
67 192 1
69 192 1
70 192 1
83 192 1
93 192 1
94 192 1
95 192 1
96 192 1
112 192 1
114 192 1
118 192 1
121 192 1
122 192 1
125 192 1
127 192 1
128 192 1
130 192 1
132 192 1
136 192 1
141 192 1
146 192 1
150 192 1
151 192 1
158 192 1
161 192 1
164 192 1
168 192 1
170 192 1
171 192 1
174 192 1
175 192 1
176 192 1
177 192 1
178 192 1
183 192 1
185 192 1
190 192 1
193 192 1
194 192 1
54 193 1
60 193 1
69 193 1
70 193 1
94 193 1
95 193 1
108 193 1
111 193 1
114 193 1
118 193 1
121 193 1
122 193 1
125 193 1
130 193 1
132 193 1
142 193 1
146 193 1
151 193 1
168 193 1
171 193 1
175 193 1
177 193 1
183 193 1
192 193 1
5 194 1
7 194 1
14 194 1
18 194 1
19 194 1
22 194 1
31 194 1
36 194 1
43 194 1
49 194 1
53 194 1
54 194 1
55 194 1
56 194 1
57 194 1
60 194 1
61 194 1
67 194 1
81 194 1
83 194 1
84 194 1
87 194 1
96 194 1
98 194 1
99 194 1
100 194 1
101 194 1
105 194 1
108 194 1
111 194 1
118 194 1
129 194 1
130 194 1
131 194 1
132 194 1
136 194 1
149 194 1
150 194 1
158 194 1
161 194 1
168 194 1
175 194 1
178 194 1
182 194 1
186 194 1
192 194 1
195 194 1
196 194 1
197 194 1
7 195 1
10 195 1
14 195 1
36 195 1
49 195 1
53 195 1
55 195 1
56 195 1
57 195 1
60 195 1
67 195 1
69 195 1
70 195 1
71 195 1
81 195 1
83 195 1
84 195 1
87 195 1
111 195 1
112 195 1
114 195 1
127 195 1
129 195 1
130 195 1
134 195 1
135 195 1
141 195 1
149 195 1
150 195 1
151 195 1
158 195 1
159 195 1
164 195 1
168 195 1
170 195 1
178 195 1
194 195 1
197 195 1
5 196 1
7 196 1
10 196 1
11 196 1
12 196 1
18 196 1
31 196 1
36 196 1
49 196 1
50 196 1
53 196 1
54 196 1
55 196 1
56 196 1
57 196 1
61 196 1
67 196 1
71 196 1
81 196 1
83 196 1
88 196 1
89 196 1
112 196 1
114 196 1
129 196 1
132 196 1
136 196 1
142 196 1
150 196 1
158 196 1
170 196 1
178 196 1
183 196 1
194 196 1
197 196 1
5 197 1
7 197 1
18 197 1
19 197 1
31 197 1
53 197 1
54 197 1
55 197 1
57 197 1
60 197 1
61 197 1
81 197 1
83 197 1
98 197 1
99 197 1
100 197 1
101 197 1
105 197 1
108 197 1
129 197 1
131 197 1
132 197 1
136 197 1
170 197 1
174 197 1
178 197 1
182 197 1
194 197 1
195 197 1
196 197 1
26 198 1
28 198 1
29 198 1
75 198 1
86 198 1
90 198 1
124 198 1
140 198 1
144 198 1
153 198 1
167 198 1
176 198 1
184 198 1
