0 : 20
1 : 7
2 : 5
3 : 23
4 : 4
5 : 7 20
6 : 7
7 : 3
8 : 8
9 : 4
10 : 10
11 : 21
12 : 7
13 : 7 38
14 : 7
15 : 4
16 : 23
17 : 7
18 : 23
19 : 20
20 : 7
21 : 23
22 : 7
23 : 18 23 29
24 : 2
25 : 7
26 : 10 21
27 : 0 1
28 : 7
29 : 18 29
30 : 4 8 21
31 : 0
32 : 17
33 : 7
34 : 7
35 : 0 5
36 : 0 2 7 18
37 : 3
38 : 35
39 : 7
40 : 18 23
41 : 4
42 : 4
43 : 7
44 : 1
45 : 6 14 15
46 : 18
47 : 1
48 : 18
49 : 22
50 : 18
51 : 7 24
52 : 22
53 : 18 23
54 : 7
55 : 5
56 : 7
57 : 7
58 : 31
59 : 28
60 : 5 10
61 : 22
62 : 5 12 16
63 : 10
64 : 23
65 : 6 7 8 10 20
66 : 29
67 : 12 16 29
68 : 2
69 : 23
70 : 23
71 : 23
72 : 20
73 : 1
74 : 4 17 21
75 : 11 26
76 : 1 10
77 : 7 15
78 : 12 16
79 : 23
80 : 22
81 : 4 5
82 : 4 13 31 34
83 : 0 2
84 : 15
85 : 2 18 23
86 : 5 6
87 : 22
88 : 12 16
89 : 9
90 : 9 30
91 : 8
92 : 15
93 : 6
94 : 18 23
95 : 5
96 : 20
97 : 5 18 23
98 : 7 23
99 : 35
100 : 3 4
101 : 23
102 : 3 18 35
103 : 9
104 : 4 12 16
105 : 3
106 : 30
107 : 7 10
108 : 29
109 : 7
110 : 23
111 : 6 21
112 : 4 10
113 : 15
114 : 30
115 : 10
116 : 7 33
117 : 7
118 : 2
119 : 7
120 : 2
121 : 22
122 : 1 2
123 : 1 10
124 : 23
125 : 1 13 14
126 : 6
127 : 8 18
128 : 0 5 7 10 15
129 : 22
130 : 3 21
131 : 18
132 : 26
133 : 20
134 : 7 18
135 : 2
136 : 20
137 : 0
138 : 21
139 : 2
140 : 1 13
141 : 8
142 : 3 15
143 : 9
144 : 18
145 : 3
146 : 7 22 29
147 : 17 23
148 : 3 7
149 : 9
150 : 17
151 : 32 33
152 : 7 23
153 : 23
154 : 7
155 : 3
156 : 7
157 : 7
158 : 25
159 : 6
160 : 28
161 : 2
162 : 25
163 : 7 10
164 : 5
165 : 1
166 : 2 5
167 : 6 21 24 29
168 : 0
169 : 13
170 : 19 30
171 : 0 18 19
172 : 25
173 : 7 9 18 22 23
174 : 8
175 : 5 6 17
176 : 6 21
177 : 4
178 : 10
179 : 25
180 : 6
181 : 7
182 : 7
183 : 7
184 : 12 16
185 : 25 30
186 : 3 6 17 21
187 : 10 31
188 : 4 17
189 : 17 25
190 : 7
191 : 12 16 18 23 24
192 : 21
193 : 12 16
194 : 4 10
195 : 2
196 : 25
197 : 22
