0 0
1 1
2 8
3 1
4 11
5 0
6 12
7 10
8 10
9 1
10 1
11 5
12 1
13 1
14 16
15 12
16 0
17 5
18 2
19 12
20 0
21 17
22 5
23 1
24 1
25 17
26 1
27 1
28 1
29 1
30 1
31 1
32 17
33 1
34 6
35 5
36 16
37 16
38 1
39 1
40 1
41 2
42 1
43 8
44 1
45 8
46 8
47 8
48 8
49 3
50 14
51 1
52 6
53 2
54 2
55 2
56 8
57 1
58 1
59 1
60 10
61 8
62 17
63 3
64 6
65 12
66 4
67 4
68 4
69 1
70 16
71 17
72 4
73 4
74 4
75 4
76 1
77 1
78 1
79 1
80 17
81 5
82 1
83 1
84 17
85 3
86 1
87 16
88 14
89 1
90 1
91 2
92 2
93 3
94 1
95 1
96 14
96 14
97 17
98 2
99 3
100 13
101 1
102 1
103 3
104 17
105 2
106 5
107 1
108 14
109 -1
110 1
111 1
112 5
113 1
114 1
115 10
116 5
117 11
118 1
119 1
120 1
121 3
122 3
123 5
124 1
125 1
126 1
127 1
128 1
129 1
130 17
131 2
132 1
133 1
134 17
135 17
136 17
137 14
138 5
139 16
140 5
141 11
142 1
143 16
144 3
145 1
146 1
147 1
148 13
149 1
150 16
151 8
152 1
153 16
154 10
155 1
156 16
157 17
158 1
